1 2 8.984 160.31707317073167 157.21951219512192 150 300 381.58275694697244 175.33413724062615 162.85074626865662 316.0634328358208
2 1 2.427 59.634146341463406 94.02439024390245 150 300
3 1 2.426 300.3556910569106 128.5772357723577 150 300
4 1 2.179 174.33536585365854 58.1829268292683 150 300
5 1 2.677 180.20325203252034 44 150 300
6 2 3.39 208.1341463414634 98.5 150 300 0 87.2439024390244 150 300
7 2 6.578 86.84756097560975 59.085365853658544 150 300 373.3719512195122 76.1219512195122 150 300
8 1 2.268 226.7439024390244 154 150 300
9 2 3.515 149.08536585365852 109.04268292682923 150 300 305.04878048780483 134.140243902439 150 300
10 1 1.826 261 80.84756097560975 150 300
11 1 2.408 275.85365853658544 106.95121951219517 150 300
12 2 3.673 152.1219512195122 64.6341463414634 150 300 314.4634146341463 40.4390243902439 150 300
13 1 3.772 387.6701439905965 182.12121657361155 157.90361445783128 309.8795180722891
14 1 2.664 250.3943089430894 78.08739837398375 150 300
15 1 1.756 24.308943089430883 38.6869918699187 150 300
16 3 5.344 72.71341463414635 88.41463414634146 150 300 254.1158536585366 78.91260162601625 150 300 388.8719512195122 87.55081300813006 150 300
17 1 2.241 109.20731707317071 42 150 300
18 1 2.244 0 9.53048780487805 150 300
19 1 1.87 189.1219512195122 120.41056910569102 150 300
20 1 2.033 359.7987804878049 86.46951219512195 150 300
21 1 1.969 319.9024390243903 78 150 300
22 3 10.974 92.28658536585365 149.60365853658533 150 300 373.9329268292683 159.0548780487805 150 300 0 154.41935483870964 150 300
23 1 1.861 204.65853658536588 77.41463414634148 150 300
24 1 1.499 103.2439024390244 77.41463414634146 150 300
25 1 1.79 233.25 57.75 150 300
26 1 3.192 22.20325203252031 84.32926829268288 150 300
27 1 1.697 105.02439024390245 40.353658536585385 150 300
28 2 2.813 2.835365853658544 11.981707317073159 150 300 167 23.201219512195138 150 300
29 1 1.921 232.1056910569106 60.211382113821145 150 300
30 1 1.67 57.14634146341464 75.75000000000003 150 300
31 1 1.727 293.82113821138205 116.5650406504065 150 300
32 1 1.954 434.64634146341456 151.54878048780483 150 300
33 1 2.907 157.92073170731703 51.71951219512192 150 300
34 1 1.569 109.06097560975607 44.04878048780486 150 300
35 1 1.711 52.68292682926828 32.302845528455265 150 300
36 2 3.975 785.6795131845842 100.98377281947262 150 300 133.58012170385396 99.83772819472617 150 300
37 1 2.064 261.7865853658537 55.447154471544735 150 300
38 1 2.009 236.54065040650403 32.84552845528455 150 300
39 1 1.478 210.0731707317073 121.21544715447152 150 300
40 2 3.337 154.2439024390244 144.8821138211382 150 300 269.8455284552846 146.84146341463418 150 300
41 2 6.085 311.4329268292683 145.75 150 300 0 152.10391109828242 181.05325443787024 338.81656804733757
42 2 3.808 268.54268292682923 146.84756097560972 150 300 119.5630081300813 175.7540650406504 150 300
43 3 5.017 123.98780487804879 155.3252032520325 150 300 241.90650406504068 132.16260162601628 150 300 20.808943089430898 127.95121951219511 150 300
44 3 6.007 310.5609756097561 163.26829268292687 150 300 19.086978703795083 125.49795102201992 200.79352226720658 363.49190283400895 215.1747967479675 150.21544715447158 150 300
45 3 5.189 161.1951219512195 188.98373983739833 150 300 337 195.54471544715443 150 300 279.29268292682923 191.17073170731703 150 300
46 3 4.84 135.98780487804876 119.7439024390244 150 300 400.390243902439 82.35365853658536 150 300 261.5121951219512 75.23170731707316 150 300
47 1 2.392 262.1544715447154 179.7560975609756 150 300
48 3 6.438 435 244.2540650406504 150 300 131.78455284552845 212.4410569105691 150 300 0 237.4369918699187 150 300
49 2 3.272 91.5040650406504 129.9349593495935 150 300 201.8130081300813 108.08130081300811 150 300
50 2 2.834 259.5609756097561 168.8292682926829 150 300 15.195121951219505 191.90243902439022 150 300
51 1 1.569 112.3658536585366 176.8719512195122 150 300
52 1 1.792 187.2439024390244 187.02439024390247 150 300
53 2 2.773 60.569105691056905 152.96747967479672 150 300 374.1463414634146 148.2520325203252 150 300
54 3 12.327 59.6219512195122 118.23170731707313 150 300 277.05906553041416 113.95188069350553 93.68674698795212 229.60843373494015 359.14384366735214 110.02431677931219 101.5903614457834 239.48795180722925
55 1 4.444 133.12158866183248 183.19314436387566 187.23243243243257 346.5405405405413
56 3 6.618 412.7093495934959 236.15243902439022 150 300 237.9369918699187 238.5142276422764 150 300 176.53048780487805 242.0569105691057 150 300
57 3 3.992 207.7073170731707 68.35975609756099 150 300 96.9451219512195 73.63414634146343 150 300 0 94.73170731707319 150 300
58 3 11.378 104.61711814926052 85.27348643006331 224.9812108559506 393.7265135699367 344.13288185073924 89.63154946789521 75.01878914405015 206.27348643006331 278.9567696929579 96.75693772595315 72.96450939457208 203.70563674321573
59 3 5.122 256.5 34.5 150 300 133.5 33 150 300 8.25 36 150 300
60 3 5.7 159.3089430894309 133.4959349593496 150 300 367 130.8130081300813 150 300 263.0487804878049 122.76422764227641 150 300
61 3 3.758 140.90853658536585 71.69918699186991 150 300 296.4288617886179 77.489837398374 150 300 397 80.79878048780489 150 300
62 2 2.838 123.91666666666666 19.113821138211364 150 300 264 23.965447154471548 150 300
63 2 2.731 139.52439024390245 33.8780487804878 150 300 0 33.8780487804878 150 300
64 3 5.385 272.4390243902439 103.53658536585365 150 300 124.7560975609756 102.68292682926827 150 300 396 101.82926829268291 150 300
65 4 13.502 323.9949706248886 90.82450596403791 118.87591240875929 261.0948905109485 232.38040769093814 89.08069254050214 94.93430656934316 231.16788321167863 133.61758946056608 89.8878404842443 140.42335766423366 288.02919708029185 28.275458429766687 71.6110913298916 118.87591240875929 261.0948905109485
66 1 1.818 210 50.66056910569105 150 300
67 1 1.925 37.45528455284553 68.14634146341464 150 300
68 1 2.557 214.60162601626018 62.7520325203252 150 300
69 1 1.94 200.77642276422768 64.92073170731709 150 300
70 1 2.067 240 65.06910569105693 150 300
71 2 3.092 102.93495934959347 36.54471544715446 150 300 213 35.82723577235771 150 300
72 1 1.735 18.634146341463406 36.5589430894309 150 300
73 2 3.675 170.39837398373984 55.5609756097561 150 300 33.357723577235774 66.71544715447155 150 300
74 2 2.652 163.39430894308944 53.80081300813009 150 300 5.467479674796749 51.54471544715449 150 300
12 2 7.282 151.34146341463415 66.1951219512195 150 300 311.3414634146341 38.8780487804878 150 300
13 1 2.213 391.62195121951214 184.02439024390242 150 300
14 1 2.216 248.0589430894309 75.7520325203252 150 300
15 1 1.921 18.634146341463406 33.01219512195121 150 300
16 3 3.67 383.6890243902439 97.91666666666666 150 300 261.890243902439 91.0060975609756 150 300 72.71341463414635 89.27845528455282 150 300
17 1 2.245 107.8170731707317 25.865853658536594 150 300
21 1 3.435 309.91463414634154 67.42682926829272 150 300
22 3 7.645 371.0975609756097 156.21951219512192 150 300 94.17682926829266 154.3292682926829 150 300 0 142.0426829268293 150 300
23 1 2.049 205.42682926829275 74.34146341463418 150 300
24 1 2.273 105.54878048780486 72.8048780487805 150 300
25 3 8.324 239.25 66.75 150 300 35.66666666666664 59.58333333333343 72.66666666666671 203.33333333333314 120.16666666666666 56.83333333333346 80.66666666666669 213.3333333333331
26 2 4.352 167.14024390243898 77.38617886178858 150 300 10.05284552845528 89.53658536585363 150 300
27 1 2.3 104.28658536585368 36.664634146341484 150 300
28 2 4.35 7.743902439024396 10.57926829268294 150 300 167 20.396341463414643 150 300
29 2 4.616 227.1788617886179 60.211382113821145 150 300 10.398373983739845 55.28455284552845 150 300
30 1 1.914 55.573170731707336 74.17682926829272 150 300
31 1 3.132 292.94715447154465 113.0691056910569 150 300
32 1 3.09 441.3902439024389 156.36585365853654 150 300
34 1 264.689 106.13532110091742 41.19839449541283 150 300
36 5 123.849 115.03364946642378 104.13374381832358 130.74336283185835 275.92920353982345 280.78549222048713 140.49932851090256 81.53195673549635 214.41494591937135 792.4411764705883 93.96783088235296 150 300 659.7077205882354 91.16360294117649 150 300 222.02102492914582 128.73675910260823 94.36971484759079 230.4621435594894
37 1 135.963 263.78249235474004 51.818829576355185 150 300
41 5 70.114 254.3213479181369 185.58230416372652 123.16923076923081 266.46153846153777 76.13177894793981 148.41587047391607 103.56213017751486 241.9526627218926 335.3932020520058 186.8690828402371 118.00946745562135 260.0118343195258 385.2671339775256 139.71035095814597 119.04142011834324 261.3017751479282 0.515976331360946 153.60093100266036 120.07337278106513 262.5917159763306
43 3 5.243 127.14634146341464 136.3739837398374 150 300 244.0121951219512 124.79268292682929 150 300 19.756097560975604 136.3739837398374 150 300
45 3 7.266 278.1991869918699 192.2642276422764 150 300 337 181.3292682926829 150 300 162.28861788617886 181.3292682926829 150 300
46 3 5.648 127.97560975609755 119.7439024390244 150 300 265.9634146341463 64.54878048780486 150 300 400.390243902439 45.85365853658536 150 300
48 5 52.284 435.8586762075133 247.2141547406082 151.71735241502682 302.14669051878354 136.03644528920688 220.06378577817526 144.84794275491953 293.55992844364937 117.10788610614179 232.21402429934403 110.50089445438306 250.6261180679785 69.00035778175294 230.30878056052472 85.59928443649412 219.4991055456171 0 242.19086911150862 144.84794275491953 293.55992844364937
54 3 4.997 48.48780487804878 121.26829268292681 150 300 229.67073170731703 85.84146341463412 150 300 338.98780487804873 76.73170731707316 150 300
55 1 3.491 115.3519775873433 159.28905735003224 218.25945945945972 385.32432432432574
56 3 4.896 415 236.15243902439022 150 300 249.7459349593496 236.15243902439022 150 300 152.91260162601625 249.1422764227642 150 300
57 3 5.722 211.9268292682927 74.6890243902439 150 300 99.0548780487805 77.85365853658539 150 300 6.225609756097569 100.0060975609756 150 300
58 1 6.827 80.63056927542104 75.44928883004945 230.11691022964584 400.14613778705564
59 3 3.861 252.75 33 150 300 144 34.5 150 300 13.5 42 150 300
