2 3 2.282 1 1 1
3 4 3.062 1 0 1 1
4 5 3.763 0 1 0 1 1
5 4 5.243 1 0 0 1
6 3 2.07 1 1 1
7 3 1.406 1 1 1
8 1 0.444 1
9 4 1.71 1 1 1 1
10 6 5.189 0 0 0 0 1 1
13 4 2.078 1 1 1 1
14 5 3.372 1 1 0 1 1
15 3 1.825 0 0 1
16 4 2.675 1 1 1 1
17 2 1.928 0 0
18 3 1.838 0 1 1
19 5 3.184 0 1 1 1 1
20 5 3.47 0 1 0 1 1
21 3 1.437 1 1 1
22 7 4.444 0 1 1 1 1 1 1
23 1 0.462 1
24 1 0.54 1
26 1 0.51 1
27 4 3.18 0 1 0 1
28 3 2.107 0 0 1
29 5 4.466 1 0 0 1 1
30 4 2.246 0 1 1 1
31 2 1.065 0 0
32 2 1.006 0 1
33 2 1.122 1 1
34 1 0.503 1
35 3 2.182 0 1 0
36 3 3.043 0 1 1
38 1 0.551 1
39 1 0.458 1
40 1 0.63 0
41 1 0.567 1
42 1 0.744 0
43 3 1.469 1 1 1
44 3 1.504 1 1 1
45 5 2.506 1 1 1 1 1
46 3 1.825 0 1 1
47 3 1.751 0 1 1
48 6 3.743 0 0 1 1 1 1
49 4 2.036 1 1 1 1
50 4 2.498 0 0 1 1
51 3 1.6 1 1 1
52 5 2.578 1 1 1 1 1
53 2 1.195 1 1
54 2 1.237 0 1
55 2 1.364 0 0
56 2 1.292 0 1
57 1 0.619 0
58 4 3.197 1 0 0 1
59 5 3.174 0 1 0 1 1
60 5 3.264 0 1 0 1 1
61 2 1.588 1 1
62 2 1.123 1 1
63 1 0.714 0
65 1 1.075 0
67 2 2.101 1 0
68 5 3.654 0 1 0 1 1
69 2 2.029 0 1
70 2 1.086 1 1
71 7 3.764 1 1 1 1 1 1 1
72 2 1.301 0 0
73 3 2.299 0 0 1
74 2 1.424 1 1
75 1 0.487 1
76 1 0.49 1
78 1 0.964 0
80 1 0.587 1
81 1 0.667 0
82 1 1.374 1
84 1 0.427 1
86 4 2.015 1 1 1 1
87 1 0.614 0
88 2 1.545 0 0
90 1 0.797 0
91 1 0.498 1
92 1 0.851 1
93 1 0.647 1
94 1 0.842 0
95 2 1.104 1 1
96 3 1.827 1 1 1
2 1 0.904 1
3 1 0.584 1
4 2 1.282 0 1
5 1 1.378 1
6 2 1.01 1 1
7 2 1.159 1 1
8 4 2.66 0 1 1 1
10 1 0.526 1
11 2 1.548 0 0
12 2 1.169 0 1
13 2 2.273 0 1
15 1 0.642 0
16 4 2.502 1 1 1 1
17 2 1.21 0 1
18 1 0.776 1
19 1 0.513 1
20 1 0.44 1
21 2 1.688 0 1
22 2 1.22 1 0
23 2 1.318 1 1
25 3 2.289 0 1 1
26 2 0.98 1 1
27 1 0.749 0
28 1 0.587 1
29 1 0.541 1
30 1 0.474 1
33 2 1.145 1 0
34 1 0.612 1
35 1 0.834 1
36 4 2.019 1 1 1 1
37 1 0.406 1
38 1 0.436 1
39 2 0.91 1 1
40 3 2.049 0 1 1
41 2 1.522 1 1
42 5 3.382 0 0 0 1 1
43 3 1.507 1 1 1
44 1 0.6 1
45 2 0.936 1 1
46 6 3.915 1 1 1 0 1 1
47 4 3.104 0 0 1 1
48 5 2.878 1 1 1 1 1
50 2 0.973 1 1
51 1 0.463 1
52 1 0.4 1
53 2 0.9 1 1
54 4 1.927 1 1 1 1
55 1 0.494 1
56 2 0.893 1 1
57 5 2.706 1 1 0 1 1
58 5 3.324 1 1 0 1 1
59 3 1.577 0 1 1
60 3 1.366 1 1 1
61 3 1.942 0 1 1
62 3 2.466 0 0 1
63 3 1.862 1 1 0
64 3 2.273 0 1 1
65 4 2.326 0 0 1 1
66 1 0.67 0
67 1 0.468 1
68 1 0.456 1
69 1 0.416 1
70 1 0.454 1
71 1 0.468 1
72 1 0.43 1
73 2 1.011 1 1
74 1 0.461 1
10 1 9.589 1
13 2 3.2 0 1
15 1 0.726 0
16 4 3.534 0 1 1 1
17 2 1.44 0 1
18 1 0.96 1
19 1 0.643 1
21 2 8.127 1 1
