2 2 3.293 492.0009359998485 9.992473955742014 150 300 320.7314594745388 -16.790407146981323 150 300
3 0 1.1
4 0 1.591
5 1 1.446 274.41914534999006 79.90333135038668 150 300
6 1 1.741 410.9787163725295 65.17575517218583 150 300
7 0 1.118
8 1 1.658 215.68991671624042 2.3020482186529705 150 300
9 0 1.282
10 1 1.687 26.929654967281365 34.22627900059484 150 300
11 2 2.231 66.80877784387603 -2.820939916716185 150 300 164.34410734351252 -8.077334919690628 150 300
12 1 1.182 92.17589976204641 48.4380205234979 150 300
13 0 0.831
14 0 0.888
15 1 1.559 164.7260657544592 92.86977340188832 150 300
16 0 0.99
17 1 1.444 223.74112631370207 -10.445700310661692 150 300
18 0 0.749
19 0 0.701
20 0 0.782
21 0 0.616
22 0 0.877
23 0 0.845
24 0 0.665
25 1 1.264 50.466025513913635 -43.082027893449705 150 300
26 2 2.014 264.58333333333337 43.75 150 300 159.0277777777778 38.888888888888914 150 300
27 0 0.741
28 0 0.664
29 0 0.648
30 0 0.651
31 1 1.147 178.2735144424615 -34.43056381783329 150 300
32 0 0.668
33 3 3.413 15.05198212043095 -14.211881981624714 150 300 81.36710952475377 -12.317164055786947 150 300 308.7332606252891 -6.633010278273559 150 300
34 1 1.385 114.7945006279331 22.151397977394396 150 300
35 3 2.444 289.7528752726552 -23.87961448212043 150 300 115.24344388260957 -38.29337282702096 150 300 70.9726146804151 -31.601270738317126 150 300
36 0 0.818
37 1 1.119 124.62254610350985 -62.27096966091611 150 300
38 0 0.738
39 0 0.711
40 1 1.133 127.81558596073765 -36.93248066627008 150 300
41 0 0.649
42 1 1.03 179.76535131204966 -42.45026108797674 150 300
43 0 0.711
44 1 1.283 27.88766607178269 -40.122756791592266 150 300
45 0 1.16
46 0 0.747
47 1 1.599 173.54266640227377 -40.206920483838985 150 300
48 0 0.762
49 0 0.717
50 0 0.654
51 1 1.463 36.531677572873306 -19.5046475312314 150 300
52 0 0.721
53 0 0.676
54 0 0.666
55 2 1.561 58.61796467050034 -34.68993324079585 150 300 12.802804217066544 -56.82534784189308 150 300
56 0 0.624
57 2 1.857 92.31343776852401 -24.107343512459522 150 300 121.87084407429438 -49.83323418600041 150 300
58 0 0.697
59 0 0.802
60 0 0.865
61 1 2.39 0.7634344636129384 -50.58827417542466 150 300
62 2 1.906 95.51885038667459 -57.76974271267102 150 300 36.49148572278406 -65.5580755502677 150 300
63 1 1.183 73.47974089496994 -32.59303324740564 150 300
64 1 1.259 139.75152025910504 -56.19507237755303 150 300
65 1 1.179 -1.9579119571683492 -66.8662998215348 150 300
66 3 2.906 5.770374776918523 -22.773832540154643 150 300 41.78874182034505 -39.040191850089215 150 300 208.51892474717437 -33.230777810826865 150 300
67 0 1.001
68 0 0.744
69 1 1.202 17.855814991076713 -38.38210142772162 150 300
70 1 1.223 -1.3364069006543815 -36.62418203450328 150 300
71 0 0.75
72 2 1.677 108.5942891136228 -36.932778108268906 150 300 197.647233789411 -22.924449732302236 150 300
73 1 1.404 214.37457862383508 -19.181109128164422 150 300
74 0 0.691
75 0 0.709
76 0 0.576
77 1 1.105 27.148568147266857 -48.284569370083915 150 300
78 0 0.763
79 1 2.061 129.6918459580937 -49.12859822195786 150 300
80 2 2.244 220.2638227906669 -35.32630626611146 150 300 148.12168682662434 -26.712319882345184 150 300
81 3 2.109 169.6443709101726 7.154000594884025 150 300 263.0705681142178 -8.3139128494943 150 300 99.1106856038073 4.060417906008382 150 300
82 1 1.427 63.22999702558002 -54.222746876859006 150 300
83 2 1.778 67.21100204904491 -41.43571121686824 150 300 4.282144391565879 -45.75906784982482 150 300
84 0 0.755
85 2 1.728 38.38862449600106 -48.16093264591183 150 300 160.8837290964373 -42.396457135303066 150 300
86 0 0.661
87 1 1.134 2.0046062198426853 -52.309104203846914 150 300
88 1 1.085 45.181439619274244 -64.12519003238813 150 300
89 2 1.93 84.08828656884128 -70.29426928415627 150 300 27.214926630973608 -68.21859921343118 150 300
90 3 2.43 173.9589530041642 -37.454970586291225 150 300 68.76611144160223 -29.537229823517734 150 300 19.5630081300813 -25.012806530504307 150 300
91 1 1.099 135.1772754312909 -54.158834027364676 150 300
92 2 1.862 146.45441701368236 49.75617192147533 150 300 288.4298780487805 58.01055919095779 150 300
93 0 0.742
94 0 0.729
95 0 0.674
96 0 1.416
2 0 1.333
3 0 0.721
4 0 0.795
5 1 1.199 124.52389450723777 -31.20642474717428 150 300
6 0 0.594
7 0 0.654
8 0 0.673
9 2 1.913 162.10499702557996 61.30156900654367 150 300 282.6191998810231 70.13927721594283 150 300
10 0 0.655
11 1 1.097 253.15288518738856 45.30041641879839 150 300
12 1 1.23 260.6722189173111 -19.03033908387863 150 300
13 0 0.634
14 2 1.91 206.94087514045873 8.770069072641945 150 300 239.66447716306436 6.952091182497185 150 300
15 1 1.154 5.852629883006145 -31.250264392887843 150 300
16 0 0.622
17 0 0.571
18 0 0.546
19 1 1.391 -1.5754511203648676 74.36707647564279 150 300
20 0 0.88
21 0 0.75
22 1 1.532 371.61659726353355 127.80246133254013 150 300
23 0 0.616
24 1 1.268 78.08938132064247 22.35990481856038 150 300
25 1 1.598 172.1875 0.75 150 300
26 0 0.691
27 1 1.292 78.4680249851279 -20.987618976799496 150 300
28 1 1.12 10.971891731112436 -39.36551903628792 150 300
29 0 1.206
30 0 0.565
31 1 1.327 265.4690495075682 69.98810232004755 150 300
32 1 1.23 452.1387566924448 120.09681737061265 150 300
33 0 0.586
34 0 0.587
35 0 0.524
36 0 0.65
37 0 0.774
38 0 0.629
39 0 0.675
40 0 0.553
41 0 1.144
42 0 0.659
43 0 0.651
44 2 2.111 64.92871306761849 140.34622248661515 150 300 246.39510212175293 141.35436909247142 150 300
45 1 6.406 152.07893780157312 163.28214026042696 150 300
46 0 0.756
47 0 0.682
48 0 0.9
49 1 2.814 128.6872893119175 112.07469099081237 150 300
50 0 0.648
51 0 0.575
52 0 0.524
53 0 0.58
54 0 0.602
55 0 0.628
56 0 0.615
57 0 0.675
58 1 1.365 147.15334787494226 104.024505915791 150 300
59 0 0.616
60 0 0.549
61 0 0.658
62 1 1.389 188.7453607310463 -37.112354583911696 150 300
63 0 0.901
64 0 1.378
65 1 1.279 178.890243902439 24.459027364663854 150 300
66 1 1.132 159.24314644061076 -14.763971511666341 150 300
67 0 0.588
68 0 0.538
69 0 0.491
70 0 0.561
71 0 0.603
72 0 0.688
73 0 0.59
74 1 1.117 121.3625322228832 -13.136195386344099 150 300
10 0 1.63
